function [xi, eta, weight]= Gauss2D_Tri(~)
    
xi = [0.659027622374092;
    0.659027622374092;
    0.231933368553031;
    0.231933368553031;
    0.109039009072877;
    0.109039009072877];
eta = [0.231933368553031;
    0.109039009072877;
    0.659027622374092;
    0.109039009072877;
    0.659027622374092;
    0.231933368553031];
weight = [0.16666666666666666667;
    0.16666666666666666667;
    0.16666666666666666667;
    0.16666666666666666667;
    0.16666666666666666667;
    0.16666666666666666667];

end